name	variability	bootstrap_lower_bound	bootstrap_upper_bound	p_value	p_value_adj
FOXF2	4.91694370304196	4.32014238857224	5.41746674074673	0	0
FOXD1	4.374454042734	3.66736433445139	4.92147756978649	4.58860736919733e-257	1.35562966569437e-256
IRF2	3.53505194201944	2.91448927009758	4.09957770189625	5.56137069776661e-153	1.08707155330967e-152
MAX_MYC	2.85439755630766	2.57921244628358	3.12006169764928	3.27994085986447e-87	4.90097398691064e-87
PPARG	3.20589624182091	2.60724037908991	3.68028343888543	4.66773615612964e-119	7.8036829276896e-119
PAX6	1.89984189138729	1.54876024771408	2.16561905049434	1.6446285405641e-24	1.8035163826186e-24
PBX1	3.47225328224908	3.02626544706433	3.86765813919535	3.31482911688268e-146	6.25275346537346e-146
RORA	1.40913786550642	1.17322916039699	1.60540232897016	6.04211400562824e-07	6.11775862541702e-07
RREB1	5.25924839381235	4.82788489224138	5.6104768688849	0	0
RXRA_VDR	2.28629459053694	2.00571089193994	2.50283757230056	1.41858613671876e-45	1.72523539559594e-45
SOX9	3.57595454344589	3.2891590941817	3.84313171460644	1.80223251368235e-157	3.59890258133481e-157
SRY	4.607271631454	4.12638825787152	5.03824727896292	2.42346059360396e-290	8.29618520667601e-290
TAL1_TCF3	8.18731731938725	7.39730787671824	8.8597440040045	0	0
REL	4.73931807898739	4.09049092862308	5.29328216760577	4.65289454862e-310	1.70080382652946e-309
RELA	4.92690013297491	4.29107396703496	5.46020630985476	0	0
NR1H2_RXRA	2.3900586645153	1.98494234934259	2.72937140307764	2.99224579514657e-52	3.75190509585239e-52
NFIC_TLX1	5.22722633108474	4.8701749171964	5.50002877492592	0	0
ZNF354C	4.77869414345191	4.38243222227033	5.12323262659596	4.68193181901583e-316	1.74092522312484e-315
CTCF	5.62922546787527	5.16792956738306	5.97793872889517	0	0
EWSR1-FLI1	9.09983631935609	8.37577564537302	9.7055755869776	0	0
REST	5.23584868075718	4.78524307052633	5.58153129946357	0	0
INSM1	4.0563407836683	3.73870774105269	4.32471902488009	1.1203255064205e-214	2.75608594165043e-214
RARA_RXRA	3.04050301781085	2.7629483724289	3.25529749104462	1.67057293425614e-103	2.65567736723273e-103
PLAG1	4.92223208105739	4.35840939616974	5.40610895355787	0	0
ARNT_HIF1A	1.49665357988118	1.24805794842974	1.69258693644467	2.81867338354677e-09	2.91322951941655e-09
DUX4	3.07268043527656	2.74403195646643	3.33613992414609	1.88671720275628e-106	3.05176507545829e-106
FOS	5.6981121671523	4.67412347576807	6.41482291683667	0	0
FOSL2	6.05143027738737	5.22168438574563	6.71189384667899	0	0
FOXH1	3.86823694024278	3.5975106981111	4.08619801044706	2.68859475128746e-191	6.01910312831483e-191
JUN	1.96501448623578	1.67856656070699	2.24664196152146	1.23888859353105e-27	1.36785139934231e-27
JUND	4.11098719789286	3.45980848146105	4.58663444139428	1.05186946557645e-221	2.65843571964048e-221
MEF2C	4.03675516214342	3.51470872504087	4.47515758698783	3.48553807195544e-212	8.414713181176e-212
MAF_NFE2	7.33229833440803	6.26402643508801	8.04877249293826	0	0
NR2C2	4.12449521874768	3.74409250139618	4.44892244078695	1.85602877626696e-223	4.70921811076363e-223
STAT1_STAT2	2.61492250760127	2.17948438317557	3.00006153161451	3.73902095566866e-68	5.03988866316171e-68
TCF7L2	4.80205976187566	4.15807948718359	5.32466043645703	1.21925520080703e-319	4.66778400221434e-319
ZBTB33	5.15556832161848	4.49903825292431	5.69790947845938	0	0
ELK4	5.46281055137885	4.61496845819461	6.21766845028341	0	0
ESR2	3.5597435924121	2.97042822048274	4.05045460680183	1.10227553609744e-155	2.18095495980136e-155
STAT1	5.42139842761853	4.9826092883805	5.77617030096152	0	0
STAT3	5.10321790477423	4.63298738427842	5.4555357744242	0	0
GATA1_TAL1	9.00004272746711	7.45172105054748	10.2214113887207	0	0
FOXP2	5.711803969608	4.97489124105541	6.31665581574075	0	0
SREBF1	2.30538300362451	1.99757288830833	2.5499626436814	9.0273065914091e-47	1.10201271030975e-46
SREBF2	2.33667610036136	2.0268890737404	2.58098922556005	9.1896047908928e-49	1.1303563307429e-48
KLF5	3.06148924621784	2.63060827583008	3.4256308235022	2.01859765823426e-105	3.24883752457106e-105
DMRT3	2.18217145383032	1.96094233956938	2.38842714630815	2.64706208757962e-39	3.10262530917394e-39
FOXG1	4.39207627387441	3.82511186396996	4.81890972702199	1.61953746184539e-259	4.82875916043304e-259
LBX1	2.80240177842171	2.44014089973171	3.13504076559002	6.87392428562774e-83	9.99422250067674e-83
POU6F1	2.97199877631498	2.64645967344868	3.24127043563282	2.34305774141214e-97	3.6266946380231e-97
SHOX	2.80743573088111	2.53946911338612	3.05356962067595	2.65012594892821e-83	3.86178263278503e-83
ALX3	2.77782869742752	2.51694425388539	3.00573801337261	6.98504818578798e-81	1.00653144236188e-80
BARHL2	1.64796345791805	1.44790877829316	1.83782909999747	3.7956190982098e-14	3.96731107680411e-14
BHLHE41	1.99982643247773	1.71441600257905	2.25733360398712	2.25063027394652e-29	2.51061687455759e-29
CREB3	2.40616510859166	2.06527932388119	2.70863841777163	2.52313126863049e-53	3.19464957104487e-53
DBP	3.34824965743261	2.79317227988989	3.78760016985235	3.02224006627941e-133	5.38674744595807e-133
ELF4	3.79362597342275	3.24825105452271	4.26513684858615	2.26288706773434e-182	4.96300994177667e-182
EN1	2.06085384517691	1.86537801505943	2.2222227989456	1.5135355794204e-32	1.73319915023893e-32
ETV6	5.0317600985075	4.21402384594381	5.75969743587377	0	0
FLI1	5.41084017990139	4.56821927880652	6.19075185132663	0	0
FOXI1	4.33184202145134	3.6269308244873	4.87557271379681	3.51902759425391e-251	1.00300037598338e-250
FOXL1	4.33184202145134	3.6269308244873	4.87557271379681	3.51902759425391e-251	1.00300037598338e-250
GCM1	2.90726286537419	2.64371498960457	3.12329161730919	1.04380796338148e-91	1.57790596333603e-91
GRHL1	3.52359291673679	3.18173422407795	3.80572728493086	9.81956508863095e-152	1.8908507774834e-151
GSC	3.70154248471761	3.21070872435992	4.10910022889283	1.24717645947192e-171	2.61988041973484e-171
HEY2	2.00149216141376	1.72442730596235	2.25203130240846	1.85247741093979e-29	2.07003952483255e-29
HINFP	3.06018943522662	2.57429502484375	3.4520857427382	2.65646690362572e-105	4.26484885023783e-105
HNF1A	2.98365520528046	2.66383917658184	3.26820893588685	2.16827090200558e-98	3.36419969687676e-98
HNF1B	2.61218064269707	2.34623605993256	2.85672225583691	6.00306069177264e-68	8.05805034766992e-68
HSF1	3.99188588488032	3.64445955229211	4.26970218539331	1.59273434950196e-206	3.72021344450458e-206
IRF8	3.76785588075778	3.0625834909741	4.40419059933922	2.46152033258093e-179	5.27352203701941e-179
IRF9	3.28478760052127	2.78164969246976	3.73090668254885	7.88872513919423e-127	1.36836599599428e-126
ISX	2.80743573088111	2.53946911338612	3.05356962067595	2.65012594892821e-83	3.86178263278503e-83
JDP2	4.21023627967757	3.58211581608129	4.68576176278551	9.74692419916129e-235	2.59516870652566e-234
KLF13	2.75816870042868	2.28185747461315	3.19068263845687	2.71341002210607e-79	3.88401832810316e-79
LHX6	2.6716006996094	2.39792256365244	2.92913924920058	1.81259090430344e-72	2.50052519207746e-72
MEF2B	2.72105043518148	2.28306900477196	3.03779877742754	2.48030218837615e-76	3.51920069271792e-76
MEOX1	3.84591662096603	3.47958145554371	4.19755606030046	1.31926850285891e-188	2.94333352189557e-188
MIXL1	2.56097002114928	2.32757193990979	2.77206694621343	3.68066090470906e-64	4.85007658930093e-64
MLX	2.16270310097236	1.83556318367526	2.47385905231722	3.52524230282948e-38	4.12446974671008e-38
MLXIPL	2.35798462400591	2.01653038963691	2.67354796367987	3.84299664362282e-50	4.74507410004573e-50
MSC	9.04572169958173	8.11822318924321	9.83559696102011	0	0
MYF6	7.83407601273507	7.12731756864088	8.44647352455903	0	0
NEUROG2	9.21540268605483	8.28720041584337	9.99264156309233	0	0
NFIA	4.15857772807007	3.69170489012158	4.52918846242684	6.54521086756159e-228	1.69390057252494e-227
NFIX	5.96493530330478	5.43709272262991	6.41856722225827	0	0
NHLH1	9.96986370525339	8.8084758094433	10.9747858004511	0	0
NKX2-3	4.32208477948974	4.01649469503921	4.57400128701453	7.67219649465021e-250	2.17715400528013e-249
NKX2-8	3.68435088755448	3.3910293104636	3.91760958439104	1.1686270693013e-169	2.43119522134386e-169
NKX6-1	3.99684391503183	3.58023070882425	4.35044186226858	3.80398338223819e-207	8.91730887068156e-207
NKX6-2	4.08504554841753	3.61785388601694	4.47974682490249	2.35051241653181e-218	5.84915974421569e-218
OLIG2	3.39121955622152	3.11510707489477	3.61580868954133	1.12859021260036e-137	2.06854919986525e-137
PAX4	2.78054834287219	2.4974161648152	3.04108523644093	4.1991734554432e-81	6.06443130730302e-81
POU4F2	4.68604410096383	4.24733306658716	5.09669543431694	4.96233674359392e-302	1.74490862668765e-301
SPDEF	2.81139551873807	2.50139476044995	3.09891327553206	1.2502241283783e-83	1.83839775241082e-83
SPIC	1.4938387828945	1.31097265510537	1.64884222708551	3.3935520516286e-09	3.50179932600272e-09
SRF	1.14647132366474	0.943115146956987	1.3047739614035	0.0336492670096574	0.0337013556582792
TBXT	1.52945242394224	1.29890480416911	1.7340757194778	3.04444232806579e-10	3.16172421550332e-10
TBX2	1.41141470715136	1.1904235410802	1.60053967906596	5.3108765090618e-07	5.38579482972255e-07
TBX20	1.22996194834313	1.06104918787151	1.36443261745551	0.00247316795392456	0.00248083669176619
TFAP4	6.99783458578263	6.23467543588026	7.67306914515354	0	0
TFEB	1.81867385880102	1.52542059226668	2.05969690195706	7.16085699463466e-21	7.70894255495611e-21
ZBTB7B	3.67209602927841	3.3245416496176	3.97556655270887	2.92922895126414e-168	6.0743946521407e-168
ZBTB7C	3.99887172268427	3.55014636423064	4.3590090277105	2.11656539073463e-207	4.97970111929203e-207
ZIC1	4.08473550365218	3.65142493216624	4.40653975815865	2.57659979219286e-218	6.38720331627885e-218
ZBTB18	10.8455577888294	9.68211583413237	11.8132187271733	0	0
LBX2	2.20613935895748	2.0222145342283	2.36123003677933	1.04131130436905e-40	1.23619892463629e-40
MEOX2	4.05610129328546	3.66907430574433	4.39106907896706	1.20201374308275e-214	2.94584428702476e-214
NOTO	2.64564895672662	2.4295600499355	2.8246649827498	1.77403882168091e-70	2.42152556461508e-70
OTX1	2.06023420733734	1.79647777598807	2.27973608572408	1.63294164306294e-32	1.86663117148714e-32
PDX1	2.50250353634999	2.29486988713592	2.6716993948314	5.85051673748945e-60	7.57056865831134e-60
PHOX2A	5.14266054526354	4.69877314044976	5.47693586528066	0	0
PITX3	4.27070833567758	3.829167455111	4.64016130196821	7.54177733368187e-243	2.06759743003906e-242
PROP1	4.97286612282843	4.56716421098384	5.30281060258906	0	0
PRRX1	2.67964054726426	2.39518752299512	2.92699058790559	4.32917640449743e-73	6.01068054444172e-73
RAX2	2.18245075244683	1.99140185110752	2.35158067519093	2.54989357872331e-39	2.99415815868237e-39
RAX	2.61174878331237	2.3279315203912	2.82848137721208	6.46743550256999e-68	8.66341774360825e-68
RHOXF1	4.04796944352968	3.71728702565896	4.29451973406922	1.3077956079769e-213	3.19299531457003e-213
UNCX	2.67964054726426	2.39518752299512	2.92699058790559	4.32917640449743e-73	6.01068054444172e-73
VAX1	2.19917253452916	1.95268070616344	2.40143714706854	2.68164257898253e-40	3.17769734176135e-40
VENTX	1.66401002855756	1.49488466392724	1.80659339586703	1.00427456465373e-14	1.05140071736402e-14
VSX1	3.37308971534235	3.00428671891847	3.71726043077794	8.48943850245434e-136	1.53856210394621e-135
VSX2	3.37308971534235	3.00428671891847	3.71726043077794	8.48943850245434e-136	1.53856210394621e-135
ESR1	2.02624949786793	1.65709156376837	2.33912731832987	9.94463636141748e-31	1.12880346067318e-30
ESRRB	2.26889005306572	1.67829442375349	2.74200352052261	1.69849877412901e-44	2.05407234927378e-44
NR2F1	2.37590730096072	1.82936911067	2.84373820070034	2.57823741214156e-51	3.20792231856845e-51
NR3C1	3.48744826271235	3.07520520857387	3.86974132203886	7.83684570727402e-148	1.48258455339365e-147
NR3C2	3.37552994979719	2.7969038662104	3.86424383134284	4.75359211265819e-136	8.66358900532352e-136
RARA	2.90906042025479	2.33762913882373	3.36313319137079	7.30921086305089e-92	1.10750806285572e-91
BCL6B	4.56883156685172	4.1997099350672	4.82716372004624	1.0224745409342e-284	3.37520932645115e-284
EGR2	3.70128371405347	3.17643507152516	4.17092218263161	1.33562772659625e-171	2.79660562818051e-171
EGR3	3.53061065122277	3.04302680727917	3.93725450937967	1.69442036207995e-152	3.28230531217284e-152
EGR4	4.09064226868522	3.54807213169859	4.57451836126069	4.47312420481438e-219	1.11741751371232e-218
GLIS1	2.41910514163658	2.11076246173392	2.69787939577997	3.40181440308784e-54	4.31563513489771e-54
GLIS2	2.69958934903851	2.38603243179635	2.99906053866209	1.20991211117426e-74	1.7017676868038e-74
GLIS3	2.91086165866832	2.59925025380594	3.18539973247689	5.11307945925667e-92	7.76563946042033e-92
HIC2	3.43075855861033	2.95346441155361	3.79575313969944	8.30123475348476e-142	1.54336174870823e-141
KLF16	3.31984276646277	2.84256332628694	3.69693691767005	2.34787255791789e-130	4.15047416659255e-130
SP8	3.64244712140322	3.11840570720525	4.07783017852075	6.75080567259201e-165	1.38220609815412e-164
ZBED1	2.00632787964359	1.74008938960339	2.21924213520576	1.05110405078883e-29	1.18478104679507e-29
ZIC4	4.14352657634743	3.72976594101138	4.48239081134208	6.12801720802446e-226	1.56712534924578e-225
ZNF143	3.77545871791326	3.44921482008694	4.05270415997802	3.14638769618186e-180	6.78570946476555e-180
ZNF410	3.05203440241444	2.78360888915228	3.26946479356347	1.48281709400349e-104	2.37470955401054e-104
CUX2	2.39995248658659	2.14613284004431	2.60255862472428	6.56790417323626e-53	8.29967578141379e-53
ONECUT3	5.03163694636238	4.51749142200839	5.46916177165637	0	0
E2F7	4.22775487598296	3.79523879149646	4.55514565667519	4.49034265794676e-237	1.21558648522659e-236
ERF	4.30793932212813	3.6334224459483	4.92589111266232	6.59848888274835e-248	1.85618361179921e-247
ETS1	5.45520712062714	4.60002335089384	6.2527665146465	0	0
ETV2	2.06277752173945	1.80408306191587	2.30526382227724	1.19539578082768e-32	1.37619407508098e-32
ETV3	5.74550938125897	4.84064406318994	6.54887226852865	0	0
GCM2	3.01573114742737	2.75808013601789	3.197963896007	2.9221251822304e-101	4.58887134199773e-101
HSF2	4.78344593288677	4.39589000949496	5.08547804776166	8.77067014320577e-317	3.28012924338338e-316
HSF4	4.75432260755599	4.30847622485534	5.12940400704305	2.44786097143764e-312	8.99867073022953e-312
IRF7	5.18549303027655	4.5190596554082	5.74136429059862	0	0
MEF2D	3.07493070879937	2.57803103222691	3.44672760085807	1.16996722220169e-106	1.8971648941466e-106
MEIS1	6.16019191862635	5.71217750022784	6.50123210312107	0	0
MEIS2	7.329143321789	6.76818276492003	7.82238467469587	0	0
MEIS3	3.90128627404728	3.54995716259525	4.18374241547093	2.58652264196418e-195	5.87186017316078e-195
MYBL1	2.39632083182909	2.18657081664129	2.57336234824009	1.14711564115482e-52	1.44675208543307e-52
MYBL2	1.79696893068913	1.58394742444021	1.99275962613301	6.03052364436795e-20	6.45984900315573e-20
NFKB1	4.41277947236598	3.87718247677121	4.87234081722839	2.06264075071274e-262	6.26539232728235e-262
NFKB2	5.12808523612757	4.45409087290243	5.6891707359961	0	0
PAX1	3.2091001454281	2.76681972053351	3.57236677917604	2.27980712421903e-119	3.83126028407718e-119
PAX3	2.53312567585994	2.22263132636103	2.80723136416248	3.82952970752659e-62	4.99537443703569e-62
PAX9	3.55168276505389	3.0047645473244	3.97101960947718	8.45451807643948e-155	1.66263622962199e-154
PKNOX2	5.57375618624037	4.9829383424298	6.06369324344595	0	0
POU2F1	3.62413918420007	3.09304953068188	4.02040965001382	7.76218347095154e-163	1.57928701437284e-162
POU3F1	2.48991197602494	2.05041205580748	2.83033243895592	4.51619473574161e-59	5.83229140523916e-59
POU3F2	2.63593455904333	2.18622395369386	2.98874720150693	9.7170451526994e-70	1.31525694849299e-69
POU3F3	2.55724971894331	2.15317705317628	2.8536295293433	6.87337097907109e-64	9.03876224280283e-64
POU3F4	3.23703820978575	2.78937183382571	3.58986338518171	4.24869855915548e-122	7.2339683362463e-122
POU4F1	4.54391220148554	4.1277921308362	4.90682603405683	4.25267426559648e-281	1.38963648981865e-280
POU4F3	3.67178860880512	3.32118520082683	3.95869006730492	3.17527114657148e-168	6.56357965441453e-168
POU5F1B	3.4372811296522	2.95148409955385	3.83916709267948	1.70544107900234e-142	3.18907623732518e-142
POU6F2	2.52200812095347	2.20400696803444	2.82642751277747	2.40021971179014e-61	3.12463209965437e-61
PROX1	1.23474274687194	1.08457081776212	1.36235864686589	0.00207800494628689	0.0020876850935522
RFX2	4.9441733368034	4.11431936561651	5.54285657208536	0	0
SMAD3	2.77217790131876	2.57360486709461	2.93136425419502	2.00668195359636e-80	2.88516271994854e-80
TGIF1	4.35808497418746	3.90061022246678	4.74414245338993	8.50760740225042e-255	2.49068868292128e-254
TGIF2	4.44328354045062	3.87685484824764	4.91777542595894	1.05091002624429e-266	3.26893647586565e-266
RFX5	4.60389442683598	3.79471720126375	5.17914323946112	7.59832823619962e-290	2.58743072043219e-289
RUNX2	8.57562118180209	7.76842594451324	9.15946929877791	0	0
EOMES	1.46123938218031	1.2332635338493	1.65363098328696	2.73595068851601e-08	2.81424498484874e-08
MGA	1.95749300913536	1.6493584090205	2.20993724716004	2.90082309365577e-27	3.191892077543e-27
TBR1	1.81736342038261	1.56586497105966	2.02056342649595	8.15473266672567e-21	8.76430570659719e-21
TBX15	1.95749300913536	1.6493584090205	2.20993724716004	2.90082309365577e-27	3.191892077543e-27
TBX19	1.74112566433461	1.53517231840419	1.92570688335744	1.16854740890372e-17	1.24350357493537e-17
TBX1	1.79356176636971	1.56792389060167	1.98241442883489	8.39031082500781e-20	8.97277868393397e-20
TBX4	2.26528334769002	1.84275725559891	2.59849099623275	2.83138824253835e-44	3.40503381584073e-44
TBX5	2.26528334769002	1.84275725559891	2.59849099623275	2.83138824253835e-44	3.40503381584073e-44
TEAD3	4.34516096030263	3.93615159111438	4.68868231630282	5.17521218903494e-253	1.50827130013766e-252
TFAP2A	5.30852620536879	4.77480749282618	5.78223834820351	0	0
TFAP2B	5.81535246609235	5.23446004678578	6.30550167836123	0	0
TFAP2C	5.47583354516786	4.82273400940126	6.03314982255958	0	0
BHLHE40	1.49779893958612	1.26127090082728	1.70758228137798	2.61299120742394e-09	2.70496849792526e-09
BHLHE23	3.74708863465664	3.37870515993143	4.06128502450722	6.62198837133223e-177	1.40472999221375e-176
FIGLA	6.55796680030448	5.79490247945269	7.14257711842364	0	0
HES7	1.43794001176463	1.233064766898	1.61109419672147	1.13286421374559e-07	1.15427267132818e-07
HEY1	1.75793219607696	1.52081088838814	1.96754724861437	2.4746396225896e-18	2.63771307383109e-18
MAX	1.49252086513326	1.29936131024638	1.67498515873388	3.70057590422641e-09	3.81253600323963e-09
MNT	1.88707457017895	1.67792162786988	2.06145425056319	6.41170809412675e-24	7.01924727055839e-24
OLIG1	3.87377950380043	3.53736752539368	4.16665150887476	5.73583146239229e-192	1.29306026347311e-191
OLIG3	2.95506696514142	2.67836270738747	3.1810848293856	7.28258389812275e-96	1.11919994823882e-95
ATF7	4.41124857675322	3.85235642635594	4.95441635371727	3.38070208339692e-262	1.02210946166253e-261
CEBPG	3.99906760077558	3.4591253425405	4.442022843428	1.99999982731962e-207	4.73992633068057e-207
CREB3L1	1.73302491064546	1.47685147529478	1.94478237329957	2.44441686535206e-17	2.59268477357833e-17
NFE2	4.57902856251173	4.07324388158441	4.98198981223395	3.33034276385587e-286	1.11068647846121e-285
TEF	2.8645815842814	2.39131708740101	3.21941155253481	4.5459660613489e-88	6.80842602243689e-88
XBP1	1.78334966164021	1.56530315028374	1.99963531079936	2.24207626803851e-19	2.39376789673419e-19
FOXB1	3.43511082906648	3.02357937700134	3.79170300217673	2.88868185496104e-142	5.3861013261089e-142
FOXC1	4.17542921663904	3.63758579174658	4.62624518549895	3.97399210576654e-230	1.04519223269551e-229
FOXC2	5.01915735731069	4.44473423954606	5.51997354652831	0	0
FOXO4	4.33184202145134	3.6269308244873	4.87557271379681	3.51902759425391e-251	1.00300037598338e-250
FOXO6	4.33184202145134	3.6269308244873	4.87557271379681	3.51902759425391e-251	1.00300037598338e-250
FOXP3	4.33184202145134	3.6269308244873	4.87557271379681	3.51902759425391e-251	1.00300037598338e-250
RXRB	1.9707331141647	1.63587356996125	2.26457587695402	6.46445561690497e-28	7.16181983585191e-28
RXRG	1.60015701517997	1.28121804880074	1.87140495082168	1.70240557537575e-12	1.77654259236792e-12
TP63	2.21110243762078	2.03356608444411	2.3465546412489	5.29338623810117e-41	6.29562664715341e-41
TP53	3.36460513765149	2.96840897377426	3.726859894848	6.35173210518992e-135	1.14154740890497e-134
TP73	2.69075807691546	2.4411281333072	2.89134471601062	5.92120491748253e-74	8.2922501766476e-74
GMEB2	2.70507846697131	2.40457750904338	2.99808750921081	4.49373039730283e-75	6.33429971035932e-75
MTF1	4.25712236285865	3.89049547440278	4.57326525789184	5.14098026248536e-241	1.39756900412942e-240
E2F1	1.99352432539906	1.72660487220756	2.20789874859196	4.68982314583778e-29	5.21360064494338e-29
SOX21	3.22737499207562	2.9720712354008	3.4400272876161	3.7636693301779e-121	6.35794792852506e-121
ELK1	6.10620615312061	5.23099326618323	6.91123826699177	0	0
HOXD12	2.87160512445043	2.57703363168443	3.13739730986795	1.15737070966833e-88	1.73739872193831e-88
BARX1	2.26489557297471	2.06061794604039	2.42100256474917	2.99109328741675e-44	3.59042181253921e-44
BSX	1.39303637368225	1.25170214146962	1.50410026264056	1.47993547728357e-06	1.49612227156636e-06
DLX6	2.18472703566683	1.97509069650814	2.36273560121073	1.8794575113013e-39	2.21092547238535e-39
EMX2	2.13084867186075	1.91867800357848	2.3278372166946	2.25984360100759e-36	2.62498888662821e-36
EVX1	1.85097013680624	1.67816948912368	2.00235047853456	2.75828401335033e-22	2.98429725190245e-22
EVX2	2.02426404416647	1.84275924287076	2.18127267033498	1.26003709352183e-30	1.42525174739269e-30
GBX1	2.01606798111521	1.80900357245661	2.18217700023802	3.334313525293e-30	3.76492295089803e-30
GBX2	2.61452735819053	2.38477862869321	2.80790357988291	4.00320822654635e-68	5.38477281200725e-68
GSC2	4.16024708750699	3.6645162782604	4.57811099391575	3.95164947950154e-228	1.02679406154116e-227
GSX1	3.02196668449529	2.6650863130914	3.34363135483579	8.00335976964759e-102	1.25989629463795e-101
HESX1	2.88712908007174	2.64490276877995	3.08512743499879	5.54236088038628e-90	8.33931974327889e-90
HMBOX1	2.1447900611773	1.9600904770054	2.29894688638126	3.70095139725804e-37	4.30668265112581e-37
HOXA10	5.68946556590311	5.18393295541561	6.10505106572797	0	0
HOXB3	2.02463878016294	1.80313683413683	2.20605251728229	1.2050200000993e-30	1.36540795107574e-30
HOXC10	3.51787352594729	3.17122340030624	3.79104403877038	4.09897676424529e-151	7.86954886191901e-151
HOXC12	2.59796649325868	2.29355883661646	2.83428982305534	6.91362449899207e-67	9.22291763061417e-67
HOXC13	3.61549437865943	3.27961532983767	3.85583329042815	7.22449462389733e-162	1.46070250676924e-161
HOXD11	3.5729389719071	3.205480472169	3.86900408170147	3.88015161147544e-157	7.72448643884495e-157
ISL2	4.10755741301814	3.75867360506962	4.39312870277388	2.92502869917522e-221	7.36378820376019e-221
FOXK1	4.48851784976576	3.77726172100626	5.07396630351602	3.94111679903193e-273	1.24385491169447e-272
GATA2	6.24489126241137	5.06070093951048	7.14367225651766	0	0
HIF1A	1.8561016621238	1.5606272963688	2.10949953322864	1.62862211742078e-22	1.76798407713296e-22
MYC	2.19303046798411	1.90812785426445	2.44442480346965	6.15142437472909e-40	7.27599921471612e-40
MYB	7.06015008732525	6.60083124208209	7.41016770267237	0	0
MYCN	2.43324114828932	2.08961032809457	2.75203283449964	3.74632446461115e-55	4.78081248245249e-55
NEUROD1	8.5407754427506	7.69397445818439	9.27567848832855	0	0
NFIC	6.57075350228395	6.11604469153577	6.91319715823823	0	0
NFYA	4.27072340450521	3.5176928921361	4.86554729021606	7.5064811308604e-243	2.0666779964539e-242
NR2F2	1.98054509263907	1.57387109689904	2.32211734529236	2.10210295996774e-28	2.33286554905511e-28
PAX5	1.44520261223599	1.23034410785414	1.65119669773285	7.32149690102297e-08	7.4834257424358e-08
PBX3	2.15537228437772	1.9317165501578	2.34688566905111	9.26064997159054e-38	1.08152356166409e-37
POU5F1	2.54789028674108	2.19387830859601	2.81478858031269	3.29010892057173e-63	4.31785085519252e-63
RBPJ	5.87620881414812	5.43282055169037	6.24776024393992	0	0
RELB	2.57261115492956	2.25850934084663	2.83140557589757	5.17314369273569e-65	6.84462979386501e-65
SIX1	3.11076984127566	2.74204985540662	3.3999279043103	5.46697536934063e-110	8.90965507295563e-110
SIX2	3.13569031266926	2.85009369241394	3.36972240223221	2.47806539013127e-112	4.07966490436369e-112
SOX10	5.97130266614127	5.56750567724697	6.32347038708304	0	0
SOX13	3.42775754288372	3.11837392882481	3.69667050379483	1.71732723226181e-141	3.1836983360269e-141
TEAD2	5.27367075712363	4.79413857800019	5.68715214609898	0	0
TFDP1	5.06209495871839	4.418343915074	5.58481520353468	0	0
ZBTB7A	4.29835443809633	3.70610123464758	4.8429881920027	1.33741499689514e-246	3.74591992636864e-246
ZEB1	5.53116642367702	4.63248818990574	6.27749799552647	0	0
ZNF24	4.6015760896712	4.16526867674528	4.98946209129327	1.6640566150706e-289	5.63688287932291e-289
ZNF384	5.23352603164173	4.73943584309841	5.66798368538958	0	0
ZNF282	4.66207837964948	4.25075862144034	4.9903086870417	1.88285074578363e-298	6.5848888244433e-298
ZSCAN4	3.87801087412162	3.47453883263183	4.20806936227874	1.76056314861707e-192	3.98281243760574e-192
FOS_JUN	4.79080423819692	4.03854494429729	5.3411926039264	6.53263478244213e-318	2.47170469609555e-317
FOSB_JUN	3.96725692375746	3.42007842294645	4.49810699991635	1.89898344932814e-203	4.38800818469753e-203
FOSL1_JUN	5.86133362016304	4.91999111306797	6.56268138151788	0	0
FOSL2_JUN	5.45719347333363	4.5740124033024	6.11543873502984	0	0
JUN_JUNB	4.19827272140321	3.60310210262286	4.72671688901617	3.78720182109744e-233	1.00422933534838e-232
FOS_JUNB	6.62180342918599	5.58254020385059	7.35988947924355	0	0
FOSB_JUNB	5.16047545132354	4.3670440725236	5.73614480827428	0	0
FOSL1_JUNB	6.90843801247466	5.85338708536596	7.66445542132161	0	0
FOSL2_JUNB	5.40930801271367	4.55420224080371	6.04731958236269	0	0
FOS_JUND	6.37372998497457	5.37255962834207	7.10991025844516	0	0
FOSL1_JUND	5.46434889912041	4.52718665896812	6.14483525353177	0	0
FOSL2_JUND	4.52815838235796	3.85832490199327	5.03130121753267	8.04181431577949e-279	2.60152693115466e-278
NR1H4_RXRA	1.82523837999586	1.53655695333655	2.05674302867929	3.72479254477463e-21	4.01656796078197e-21
NR4A2_RXRA	1.90266682168051	1.45632981094544	2.26164369890759	1.21448895068778e-24	1.33408209014431e-24
PPARA_RXRA	2.78122999289697	2.53337029042494	2.98559638291541	3.69596233436816e-81	5.34963675690425e-81
RARA_RXRG	2.36788055614977	2.11606534075853	2.60004277550956	8.67692612398871e-51	1.07341705587394e-50
RORB	2.24992313364234	1.99109170856868	2.47392713049447	2.46258884863381e-43	2.94509239383748e-43
RORC	2.00176316862672	1.76486063969548	2.18522163759846	1.79467551413622e-29	2.0089187848549e-29
SOX15	4.3741993477556	3.90087963048077	4.7890144302562	4.97787500512223e-257	1.46394778559731e-256
IRF3	4.21686650999934	3.64846248102641	4.72915085940803	1.27589902512529e-235	3.43961112190027e-235
IRF4	3.03904433662966	2.48373717579912	3.51948965224486	2.26757671333122e-103	3.59588758216985e-103
IRF5	2.39426960039474	2.04435901500527	2.71575177172459	1.57097107895451e-52	1.97746748654391e-52
TCF7L1	4.46197812355243	4.05768124497619	4.80146453456159	2.36880298360611e-269	7.43988121550076e-269
ARGFX	3.30126020559041	2.96862943057349	3.59655824091566	1.76009662787345e-128	3.09451771259272e-128
ARNT2	2.03651436480099	1.74012590759251	2.30640438656673	2.90771846145976e-31	3.31797856184209e-31
ATF6	1.58320106560959	1.37427550097867	1.76421286509156	6.1955530138744e-12	6.44457041796903e-12
ATOH7	5.94549632747197	5.34322977164902	6.49268184165286	0	0
BACH2	5.57864481644883	4.72929199686942	6.20174718633749	0	0
BARX2	3.50039516553072	3.11038581958821	3.83750011567691	3.17582649370003e-149	6.02568839127249e-149
CDX4	5.40620191546895	4.91514292361209	5.7697952840094	0	0
CREB3L4	4.71680955879115	4.15285014033409	5.26365577417738	1.17940135493328e-306	4.26297584716107e-306
DMRTA2	3.12572941037289	2.82087267097202	3.36684427512018	2.1558527573259e-111	3.54019475631944e-111
DMRTC2	3.27636355462864	2.99682011983441	3.50921930777668	5.46693770016983e-126	9.45750987168417e-126
DPRX	2.91392805249885	2.68206594465986	3.11968790058702	2.78109365537842e-92	4.23380610595256e-92
DRGX	2.26836049486849	2.04697257748485	2.43257809182707	1.83097852439702e-44	2.21015504717327e-44
ETS2	3.94935627836251	3.37028437353292	4.47032943341947	3.16927714428935e-201	7.27135571757166e-201
FERD3L	7.99637674323894	7.18305565676196	8.6874202791911	0	0
FOXN3	1.87779112724062	1.57334851643728	2.12521574651715	1.70730847540972e-23	1.86278007350774e-23
HES6	1.7056750587552	1.45162762383252	1.91841507663274	2.81250543759899e-16	2.96850084523091e-16
HNF4A	3.79957903983571	3.50923793858505	4.04036099125834	4.4650939309432e-183	9.82624412693962e-183
HOXA1	2.96448423808677	2.72670971715679	3.16418027782193	1.08015557084215e-96	1.66792518934336e-96
HOXA4	1.35047233049067	1.16074877817012	1.50597390690075	1.37448616054219e-05	1.38735186563307e-05
HOXA6	2.98767605726572	2.68216994658623	3.25122876686449	9.5144551075265e-99	1.47977222465616e-98
HOXB4	1.8642580697743	1.64328330521192	2.04279590526205	7.01156782947486e-23	7.62434350532813e-23
HOXB6	3.38536102254997	3.07312046826559	3.62200439071781	4.57264082429188e-137	8.35734071558431e-137
HOXB7	2.45236042893504	2.20219169016356	2.67614173421737	1.84246093659794e-56	2.36522267059299e-56
HOXB8	3.28876077395375	3.00208419174524	3.54620376168951	3.15920989169943e-127	5.49464731163853e-127
HOXB9	3.11598165069419	2.81034301284531	3.36276311749928	1.77620258392312e-110	2.90202795908652e-110
HOXC4	1.25384789410306	1.08163274230063	1.39408506257974	0.00100923348433571	0.00101551176417606
HOXC8	3.53132337209273	3.22274567748184	3.79420290945691	1.41717802409057e-152	2.76178970357409e-152
HOXD10	3.29341554062134	2.97978805455139	3.51806340388856	1.07954389532613e-127	1.88774297371894e-127
HOXD4	1.69498980042528	1.48599071439722	1.86622902115869	7.15545019339328e-16	7.527766301017e-16
IKZF1	5.94902206104944	5.29761837791569	6.51308378338898	0	0
IRF6	1.46109759704041	1.23884517830406	1.65094364215536	2.76020442454034e-08	2.83468613123429e-08
KLF11	3.30426602998015	2.80777765633632	3.72765068660092	8.77243044352665e-129	1.54652929072527e-128
KLF15	4.40906323439723	3.7648066577877	4.94403560400779	6.84195879499264e-262	2.04942006498159e-261
KLF17	4.6091077337928	4.18047323988645	4.99282207351252	1.30152447894482e-290	4.47918264828351e-290
KLF2	2.68810377855025	2.29019868360037	3.03221054425195	9.53045519501305e-74	1.33179363092299e-73
KLF3	3.01090081700375	2.59116625474212	3.36651632903156	7.95044591394919e-101	1.24249722375003e-100
KLF6	2.43785929235305	2.14895336439442	2.68792023788107	1.81516304193657e-55	2.32096934413629e-55
LHX5	3.52781063556413	3.19567046345967	3.83906018765637	3.41737603499298e-152	6.60012625265808e-152
MAF	3.46144918349626	3.2414993900425	3.6204874471035	4.69625421268255e-145	8.83278045234188e-145
MAFA	3.68996193073256	3.42615284859924	3.87673973810567	2.66253133891725e-170	5.55696056864343e-170
MAZ	5.572528624224	5.02429995317355	6.05529841033401	0	0
MSANTD3	3.35670241700464	2.96801845573479	3.64231378391243	4.11734220135581e-134	7.37928089827482e-134
NHLH2	7.9798717990765	7.14329911519054	8.65061814712109	0	0
NKX6-3	3.03858945067186	2.79850559058506	3.22992965996668	2.49417539400069e-103	3.9455537406319e-103
NR1D1	3.34516680498682	2.69731045152468	3.87102847867942	6.24340820479939e-133	1.10974865618275e-132
NR1I2	2.80848209585017	2.4924414965949	3.06799278447724	2.17322809557015e-83	3.18117325301785e-83
NR1I3	2.37915935743819	2.12991426724357	2.58772516596263	1.57424667398764e-51	1.96250018895954e-51
NR2C1	2.00303284615593	1.61172275689911	2.36223638693349	1.54684485944487e-29	1.73450368121462e-29
NR2F6	2.00359779749213	1.74438254538419	2.23200813099785	1.44779880893602e-29	1.62626012045417e-29
NR6A1	3.03092948044752	2.7676612055261	3.26506437510701	1.2369081725309e-102	1.95190143323779e-102
OSR1	1.69828453172466	1.50449702465105	1.87085134244861	5.37189684319252e-16	5.66061442596997e-16
OVOL1	2.69649376746621	2.44380655628279	2.90786504790842	2.11267024220244e-74	2.96507081714745e-74
OVOL2	2.60157457912829	2.30588508694165	2.84213391626335	3.72417387367182e-67	4.97838945509436e-67
PLAGL2	4.28923367693236	3.82278464912661	4.67963855227283	2.32705225464055e-245	6.48966727910532e-245
PPARD	2.11780658205117	1.84694280215848	2.34201445661462	1.20793163139126e-35	1.40059456184614e-35
RARB	1.80887164269814	1.53234624517816	2.05828289387401	1.88534497049443e-20	2.0229157477776e-20
RARG	1.4402333612163	1.17000498100294	1.66187001742871	9.87609442032555e-08	1.00786010882502e-07
RFX7	2.8328427377125	2.40235313400161	3.18077182790881	2.08719952879361e-85	3.09020159068527e-85
SMAD5	2.44994046892073	2.26699133273118	2.59975036925181	2.70249051621317e-56	3.4623987405741e-56
SNAI1	9.00416618885146	7.84517490325192	9.90691865182011	0	0
SNAI3	7.63344368042571	6.69271050431845	8.33685343312029	0	0
SOHLH2	1.44671557037692	1.2449147621924	1.63081703490923	6.68021857791029e-08	6.83876806947462e-08
SOX12	3.23231808266768	2.91160062465115	3.48201060199406	1.23432776513123e-121	2.09608940692889e-121
SOX14	2.89470077148898	2.59257896182699	3.17701130456945	1.24945586258847e-90	1.88437748973133e-90
SP9	3.87117262344646	3.31285830444459	4.32770127169558	1.18657789212194e-191	2.66568019514895e-191
TBX18	1.96921846641791	1.62803080972016	2.26324575864169	7.68224173910781e-28	8.49642804308164e-28
TCF21	3.20828800717859	2.91433635607603	3.46609304026969	2.73413481180739e-119	4.58286327264089e-119
TFAP2E	3.98674471648789	3.49536375484441	4.41943997652262	7.01615032322172e-206	1.63289541695124e-205
TGIF2LX	3.18911258876538	2.76931904944462	3.50978760815318	1.9644156910143e-117	3.26729293595437e-117
TGIF2LY	2.7166144075218	2.30996430183465	3.03815810713455	5.55770033823663e-76	7.86834161671575e-76
THRB	3.25764006879933	2.78967736845779	3.6744841848122	3.95477518374366e-124	6.80515836138869e-124
TLX2	2.82014688596499	2.53722668894699	3.07589900632921	2.3648657096207e-84	3.4853487793271e-84
VEZF1	3.58055078874167	3.12888565801285	3.99600522832117	5.59210209839999e-158	1.12015172063925e-157
ZBTB26	6.70682110701152	6.23780198505391	7.09645882509122	0	0
ZBTB32	1.85126558061719	1.64703159448158	2.0188524970013	2.67605680023318e-22	2.90018216038671e-22
ZBTB6	4.4319139728268	4.01852407853346	4.78789591048558	4.22114034970661e-265	1.30051324107627e-264
ZFP57	2.5679457551324	2.24590309636555	2.83406114827938	1.13736878940329e-64	1.50179103417129e-64
ZIC5	3.79349710615695	3.35568379119802	4.15149197138119	2.34372442430718e-182	5.12293818421198e-182
ZKSCAN1	2.66131961076937	2.47948381554676	2.81090002458447	1.121977608823e-71	1.54123038834073e-71
ZNF135	3.06460452122945	2.58305099496494	3.48003537326833	1.04466459826271e-105	1.68553115979046e-105
ZNF136	2.27981706018121	1.98456251353137	2.52345557087864	3.58541195965675e-45	4.35227305421749e-45
ZNF140	3.78012570284866	3.50691271787274	4.00931103593106	8.87939734418213e-181	1.92139467614911e-180
ZNF274	3.25493818767606	2.98812665611168	3.46598983795005	7.31783205227346e-124	1.25254956027009e-123
ZNF317	4.5056916672337	4.0779031515842	4.85296534756791	1.37130759111917e-275	4.37062074607933e-275
ZNF382	3.09716651533884	2.8917500699716	3.24620976210202	1.01725975816737e-108	1.65368608928213e-108
ZNF460	3.32005690367856	2.86068426197646	3.67341166406713	2.23355277090106e-130	3.95920176102188e-130
ZNF528	4.69422000574437	4.26653111511993	5.05991389508499	2.95173814426077e-303	1.04359266630422e-302
ZNF682	4.21676793399418	3.8578593120622	4.55040932072979	1.31509329736599e-235	3.53056167384147e-235
ZNF684	5.64454565954969	5.27751376445787	5.95144622428043	0	0
ZSCAN29	1.58908457215324	1.35880206795329	1.78474678578613	3.97096137845392e-12	4.13721741040207e-12
ASCL1	11.3563836908871	9.88179553666129	12.606284977868	0	0
ATF3	4.15385198170093	3.53211423057275	4.78918757948021	2.72748606199584e-227	7.03061148251518e-227
BATF_JUN	6.4442089555767	5.50897752767064	7.11622335234222	0	0
BCL6	5.56645937900564	5.06729473450421	5.95317533822246	0	0
E2F2	2.02901634414728	1.72310465331778	2.28172111738642	7.14608785715289e-31	8.13999796404563e-31
E2F3	1.42084907244207	1.22701073153924	1.59583319771187	3.09296449145271e-07	3.14645916033003e-07
E2F4	2.24366223683617	1.92467673949915	2.52451665753861	5.91022948439487e-43	7.05520014096583e-43
EMX1	3.35045598285698	3.04822408674542	3.62888858350414	1.79726653572811e-133	3.21224157076268e-133
GATA5	5.49755140542293	4.64842118726345	6.16111191239676	0	0
GFI1	1.6949038402619	1.47514160040327	1.88183575719008	7.20906620068612e-16	7.57186011662974e-16
GSX2	1.41970500217397	1.2406831254834	1.56446213011853	3.30426452179004e-07	3.35613680627654e-07
HES1	2.58825779180551	2.10806329851721	3.05640519039656	3.63240198633478e-66	4.82579894283081e-66
HES2	2.09149872066067	1.73782039571346	2.42372817201237	3.38429260362187e-34	3.91706138558738e-34
HOXA2	2.29754744090546	2.1060632916083	2.45639986785941	2.80779179998408e-46	3.42117004630829e-46
HOXA5	3.50904702332169	3.22297371339227	3.75237108027209	3.69897717072676e-150	7.05969979191804e-150
HOXA9	1.68463835035769	1.46943926034392	1.86272822682069	1.74863406865633e-15	1.83365679484708e-15
HOXB2	2.25036564979113	2.02319019423527	2.46514309332587	2.31451386033279e-43	2.77313049562096e-43
HOXB5	2.73727101529396	2.53294594748133	2.8949165851126	1.27924771112193e-77	1.82709330926245e-77
HOXC9	3.45698787693911	3.10077080073962	3.73140250854698	1.39933045598344e-144	2.62425160875735e-144
HOXD3	2.36851465539466	2.13481052537487	2.57419970303727	7.88537052270232e-51	9.77362974748736e-51
HOXD8	3.28876077395375	3.00208419174524	3.54620376168951	3.15920989169943e-127	5.49464731163853e-127
HOXD9	5.52350265504197	4.99783662963116	5.91380244051068	0	0
JUNB	5.53076587137018	4.61557824981555	6.20010952329993	0	0
LHX9	3.0448297062457	2.78280227435243	3.28277741934667	6.74222871715077e-104	1.0744389113292e-103
LMX1A	3.53122685648313	3.12160962878653	3.90494766458883	1.45188934665425e-152	2.82093816001591e-152
LMX1B	3.36885010554692	2.95715269904532	3.72932359793971	2.32239524202883e-135	4.18548668967312e-135
NEUROG1	2.33085911180075	2.10154739620926	2.53177580147794	2.17044459131804e-48	2.65961676246737e-48
NRL	3.3987728823503	3.08596270001448	3.65696631510434	1.85050463170558e-138	3.40135368384519e-138
PITX1	2.95714490172363	2.64879319005597	3.19806701953501	4.78291508557784e-96	7.36796681040206e-96
PRRX2	3.13932910983623	2.82402379845798	3.4244273780497	1.12200515760028e-112	1.85188096165147e-112
SOX4	6.65866436729671	6.08708162678148	7.1829314236504	0	0
SOX8	4.86962988152748	4.37071060224286	5.3364868693054	0	0
SP3	3.29388615392339	2.83333112801629	3.70249310835915	9.68384766414288e-128	1.69795377742559e-127
TCFL5	4.92733210502996	4.09854780969977	5.70235838041532	0	0
TFEC	2.54352084475697	2.13189676906061	2.88596932908726	6.81609356111886e-63	8.90911623039172e-63
ZNF740	3.81988996265666	3.30520048035353	4.26785580458282	1.72003810886881e-185	3.7981728888673e-185
DMRTA1	3.22817633283272	2.98595533255637	3.44534918598102	3.14180998616446e-121	5.32133785614765e-121
ETV7	3.51109298261695	2.79560820954722	4.13813744404421	2.22265076753886e-150	4.25460072957882e-150
ZIM3	5.24191222224935	4.71888248365742	5.66084346421457	0	0
ZNF257	5.63824931384013	5.10659084136654	6.10973663548288	0	0
ZNF343	3.66410270194172	3.27959059547671	4.01492151907551	2.3790975299781e-167	4.90215319075104e-167
ZNF454	4.85547612605427	4.37474098979497	5.26115773800324	0	0
ZNF610	4.57510730165287	3.92907780189566	5.11498771889951	1.2439677737521e-285	4.1274212800903e-285
ZNF675	5.76324062799232	5.32945169212491	6.14671884144007	0	0
ZNF707	4.91260346658556	4.37553031114089	5.36764631936508	0	0
ZNF76	2.8341875124738	2.46427578985983	3.14422824518201	1.61265857523973e-85	2.40412465018458e-85
ZNF784	2.00479547473458	1.69987634000071	2.25547695385628	1.25817164914685e-29	1.41571662086611e-29
ZNF8	2.68456175200581	2.49180586043473	2.84122616196367	1.79693874623602e-73	2.505645191411e-73
ZNF816	6.34941412256535	5.87438937543824	6.70964670272365	0	0
ZNF85	2.5124474539148	2.29221488521327	2.70157635500173	1.15326044717519e-60	1.49530963792054e-60
ZNF93	5.04196460627747	4.41446905547439	5.55122337572555	0	0
ZSCAN31	3.37233077694631	3.09222203354775	3.58894451536321	1.01663509194339e-135	1.83732654884742e-135
PRDM9	5.55314894209835	5.08746016010486	5.94947908271113	0	0
ATF2	2.21341317032452	1.9184700697095	2.49020935464329	3.85999870947001e-41	4.59929864645875e-41
BATF	6.6041251189703	5.6512094898351	7.27876598096513	0	0
BHLHE22	11.7003355925241	10.4937057480169	12.7897080331798	0	0
EBF3	9.01010415621143	7.69771887949244	10.0188305492334	0	0
HAND2	8.29987673667936	7.46133246425923	9.03385021227504	0	0
MYF5	10.9630274657571	9.81907480582436	11.941855627383	0	0
NFIB	6.35652787497324	5.90261073583188	6.71534565050163	0	0
NFYC	4.27613953532157	3.47296116795372	4.91715557617216	1.3888533060773e-243	3.85660124048075e-243
NKX2-2	3.55206086250957	3.29756907038852	3.74522809663382	7.6849170653487e-155	1.51589675039043e-154
OSR2	3.92968958329303	3.639595951345	4.14614614450692	8.50238548365854e-199	1.94383159290709e-198
TCF12	8.87222640267746	7.6952469495097	9.81909672470986	0	0
ZBTB12	3.83569691917605	3.54929844996897	4.07983029208042	2.22043157245827e-187	4.93683583292269e-187
ZBTB14	4.12601916833042	3.51744510447709	4.64174255947005	1.17589106947424e-223	2.99528158247966e-223
ZFP42	3.79096143024685	3.31050147380225	4.24408187202401	4.67444680027073e-182	1.01830541406571e-181
ZKSCAN5	2.83305247749662	2.54348345663153	3.08900285405044	2.00491895111301e-85	2.97518936094064e-85
ZNF148	4.71041206837415	4.20609652496292	5.139044583027	1.08622648107318e-305	3.90438074030193e-305
ZNF16	5.76403275602187	5.22256062102474	6.20688587061931	0	0
ZNF341	5.93949107500591	5.28010420412826	6.47230423146155	0	0
ZNF449	5.49354680940351	5.15095214572054	5.75226395405834	0	0
ZNF652	4.61691994936785	4.19906653137941	4.99423728234394	9.21325373208711e-292	3.18768725382907e-291
FOXA3	4.73681358474618	3.98061019755487	5.35251728227269	1.11519057001418e-309	4.05352976853468e-309
ZNF189	6.05356540119293	5.50709104752575	6.48275151643009	0	0
ZNF331	6.60361281000774	6.08930746281706	7.01610005835945	0	0
ZNF417	4.02112342361404	3.60500061181587	4.3849280359614	3.32797389086332e-210	7.94538416010541e-210
ZNF549	6.13110809884411	5.62770799477557	6.49291383264946	0	0
ZNF680	4.5008030955055	4.06989241010341	4.83353490301838	6.8865414935773e-275	2.18411389526692e-274
ZNF708	6.96140088837283	6.39232209600669	7.39571216884216	0	0
ZNF768	5.05335282398446	4.66349756203125	5.36487197498818	0	0
ATF4	2.67389031594682	2.41243301279517	2.89438293323141	1.20626898457695e-72	1.67121206214409e-72
BATF3	6.43399667178972	5.53207946843916	7.08826362207389	0	0
CDX2	5.0698674188398	4.61819269815749	5.42768040576573	0	0
CEBPA	5.43297265815304	4.87296544727838	5.86642105013784	0	0
CEBPD	4.75760435572084	4.27626172449471	5.1307037853416	7.74992751576913e-313	2.86525891583072e-312
CREB1	2.58960062451633	2.24146354236104	2.92645859267589	2.88905766240155e-66	3.8461323201107e-66
CTCFL	5.04463096728092	4.58367801198373	5.41819330177139	0	0
E2F6	6.25248413766005	5.59013826259144	6.84421320954426	0	0
EBF1	10.1322642628116	8.60462178686522	11.313605466834	0	0
EGR1	3.74687014854363	3.20284163797108	4.20497225065275	7.02214090057884e-177	1.48474678518775e-176
EHF	1.74060863168565	1.52469641712689	1.91207336169731	1.22515174927848e-17	1.30159799964397e-17
ELF1	2.39279635573939	1.98636303484055	2.72324154037815	1.96855854986487e-52	2.47312112963606e-52
ELF3	2.65420855971785	2.25229956392497	2.96829363739189	3.93744983483005e-71	5.38589861127916e-71
ESRRA	2.37251377870636	1.88602465430691	2.78427969083768	4.30974981514339e-51	5.35203096045638e-51
ETV1	4.45437177649873	3.91604203140739	4.88694381110973	2.83804654653085e-268	8.87060925413265e-268
FOSL1	6.87526614726817	5.88330047997655	7.6021785773396	0	0
FOXA1	5.44778874402835	4.78191288967622	6.01094452162755	0	0
FOXA2	4.43369421488957	3.80519177388899	4.93431422895402	2.36917375806382e-265	7.33423646635069e-265
FOXK2	5.393236643567	4.55833405638942	6.04815905376535	0	0
FOXP1	4.9833964015297	4.30968223924758	5.50894809858848	0	0
GABPA	3.55072108341	3.06379982532532	3.92555798915997	1.07768512960688e-154	2.11291599653227e-154
GATA1	4.70546086822461	4.08913018166838	5.20239075558639	6.0423674723218e-305	2.15989599701227e-304
GATA4	6.60805101774741	5.51993362605756	7.42568769927727	0	0
GATA6	7.52217061526372	6.37056787633188	8.4413389837119	0	0
GRHL2	4.58967335869753	4.18613596044635	4.92338379708617	9.24986759964924e-288	3.1170126755068e-287
HLF	3.91156874690847	3.54093412861102	4.20075947795603	1.42909439686781e-196	3.25571857314604e-196
HNF4G	4.09095999611499	3.81181516259068	4.3243769976543	4.07072526979283e-219	1.02083691843254e-218
HOXB13	5.94909981252261	5.46909336193777	6.37106661045961	0	0
KLF4	2.57508004735916	2.22309152987036	2.8839126490299	3.40687325358232e-65	4.51689958005689e-65
KLF9	3.14818784406156	2.77778765379256	3.48995574788054	1.62255640040671e-113	2.68489511780854e-113
LHX2	2.08067732603808	1.86525881036545	2.25185055257064	1.30821683218851e-33	1.51145766147494e-33
MAFF	3.62022319539979	3.36793827592488	3.82360535053331	2.13393581081922e-162	4.32807670721015e-162
MAFK	3.73589852440858	3.27969377047228	4.09258674733221	1.32999422105157e-175	2.80295199029436e-175
MEF2A	4.16887736429704	3.54730924114312	4.66824457138359	2.89913935146e-229	7.59410186394584e-229
MITF	1.8863679971041	1.63092835458921	2.11601053303223	6.90994906470017e-24	7.55192068388684e-24
MXI1	4.83871820132511	4.22902766844008	5.35236187571147	0	0
MYOD1	9.4049197154247	8.34921659062679	10.2988851393839	0	0
MYOG	11.2617964471683	10.1134448469171	12.1999003678779	0	0
MZF1	4.42704687876823	3.95778664020051	4.80881001625227	2.04468702498487e-264	6.26972751263135e-264
MAFG_NFE2L1	7.17150834225721	6.23754936086291	7.79678158857196	0	0
NFIL3	3.99890804433195	3.57741411358253	4.32789944651526	2.09444951907112e-207	4.94565269649276e-207
NFYB	2.72526641583519	2.37318304086066	3.04911243997679	1.15028625702898e-76	1.63568177647857e-76
NKX2-5	3.01137578535028	2.65247525991924	3.30659594671237	7.20586702801298e-101	1.12886100898896e-100
NR4A1	3.11846394158837	2.85338839084911	3.34080902787023	1.03894971800243e-110	1.70177333556348e-110
ONECUT1	4.51811273597074	4.07336701504131	4.88950381929808	2.25206371847104e-277	7.24918022811324e-277
OTX2	3.8258401511116	3.35463328529113	4.21433778128198	3.35329885329323e-186	7.43008341808466e-186
PBX2	6.27671075870818	5.68081090024967	6.71066693159891	0	0
PHOX2B	5.27025161413768	4.80928393191248	5.65859621217625	0	0
PKNOX1	2.31812917160404	2.020440960457	2.54930482160213	1.40842212628797e-47	1.7225881204316e-47
POU2F3	2.81026701240692	2.3813437851414	3.13601051276968	1.5489396135735e-83	2.27248056685274e-83
PRDM1	5.8415939625131	5.27811427588331	6.34087080361243	0	0
RUNX3	5.84921192348938	5.32690217683626	6.27170159552479	0	0
SCRT1	4.56119998378049	4.00858692879955	4.99616016639147	1.31912865607771e-283	4.33236670295573e-283
SCRT2	5.33514217436692	4.72494525697139	5.83144516276894	0	0
SNAI2	7.20982272364637	6.22299796821258	8.00635402178325	0	0
SOX2	4.02347734251701	3.69135298806799	4.30776663384016	1.6772092432337e-210	4.01909029767482e-210
SPIB	2.64093380069706	2.24953341722866	3.00432935205871	4.05413094281219e-70	5.52215309473577e-70
TCF3	9.09249649967891	7.95315072759202	10.0032635141666	0	0
TCF4	8.98901246479864	7.69878026686476	10.0039280697748	0	0
TCF7	4.42319811388997	3.88959725391703	4.8674227328703	7.11006038535218e-264	2.16990993835984e-263
TEAD1	5.20106811985907	4.72320809602596	5.60963339710747	0	0
TEAD4	4.79446619171083	4.37015978376491	5.16320692242134	1.79081010254202e-318	6.8156108810977e-318
TWIST1	9.0253202084171	8.20766141496993	9.75167793832732	0	0
USF1	1.46041540471537	1.24744156792574	1.65620259743621	2.87985188937108e-08	2.95287507515545e-08
YY2	3.78383822740866	3.23124300305431	4.28014206412013	3.24164025740437e-181	7.03805787429741e-181
ZNF263	7.23809031225783	6.60589145220531	7.83986295955969	0	0
CREM	5.32587245522263	4.70675765324787	5.92602803581033	0	0
BNC2	6.28800098596817	5.38764047441109	6.94104488626711	0	0
ELK1_HOXA1	3.62761446403744	3.16135810187601	4.05015779693004	3.16047972147014e-163	6.45056902142328e-163
ELK1_HOXB13	2.70756115270571	2.353818373491	3.00807014116667	2.86866947251541e-75	4.05246539021282e-75
ELK1_SREBF2	3.40405700577546	2.99588712460243	3.77076619921164	5.20861103711589e-139	9.60105795160679e-139
ERF_FIGLA	10.3366899464178	9.17027910797237	11.2572091521027	0	0
ERF_FOXI1	2.92174281716474	2.5186882294007	3.27716539581726	5.86993874894416e-93	8.95719427020488e-93
ERF_FOXO1	4.83671550116447	4.30689421547159	5.29452924375514	0	0
ERF_HOXB13	2.38910944311883	2.02641598849843	2.70249817323264	3.45923625021263e-52	4.32906354717132e-52
ERF_NHLH1	5.61396027467192	5.20679611952231	5.94400903281985	0	0
ERF_SREBF2	1.84659479915384	1.57046232224837	2.08253227273696	4.31373038278881e-22	4.65940493767005e-22
ETV2_DRGX	2.06593460434174	1.71944262969189	2.35795757822849	8.1095190809183e-33	9.35268956391112e-33
ETV2_FIGLA	9.37106842540175	8.43371592690517	10.1164543674455	0	0
ETV2_FOXI1	4.83581494053847	4.24468835052692	5.36326606652834	0	0
ETV2_HOXB13	2.66677037860059	2.34967055875972	2.90138003630364	4.27320047155533e-72	5.88246958531128e-72
ETV5_DRGX	2.63712661186712	2.19920303503938	2.98704730378575	7.89037246454675e-70	1.07024548942594e-69
ETV5_FIGLA	8.83780462647891	7.97865234186862	9.54624349743858	0	0
ETV5_FOXI1	4.58200378095813	4.093615651925	4.98717795403428	1.22429933329202e-286	4.10425735046599e-286
ETV5_FOXO1	5.71040106850044	4.96822059465643	6.31099676447124	0	0
ETV5_HOXA2	1.50980209208355	1.23389942776377	1.76100461785607	1.17109813637624e-09	1.21426361255677e-09
FLI1_DRGX	2.45875317999197	2.09116756901471	2.75688388583204	6.68069550725702e-57	8.59326042384751e-57
FLI1_FOXI1	5.90419792807409	5.24505027855775	6.47603554927135	0	0
FOXJ2_ELF1	2.18954670816805	1.84011958120803	2.47791869147191	9.83605537890162e-40	1.16130069893236e-39
FOXO1_ELF1	5.87277998752771	5.3630252967273	6.3273613373383	0	0
FOXO1_ELK1	4.19009929176999	3.78334760381586	4.52349398980306	4.5847779031717e-232	1.21075563402126e-231
FOXO1_ELK3	4.66203856706436	4.13457580221435	5.06435008729605	1.9087320363792e-298	6.63951412654486e-298
FOXO1_FLI1	4.53042337308861	4.05072777413416	4.92882562891333	3.78930634086075e-279	1.2320006042899e-278
HOXB2_ELK1	3.17118966759651	2.76294282806182	3.54311928828922	1.03804806989675e-115	1.72209513134154e-115
HOXD12_ELK1	2.7900261655639	2.32745738518898	3.17274169225211	7.09247432204992e-82	1.02888584896105e-81
KLF7	4.30910361797915	3.6667014945067	4.82788198528698	4.57595691488528e-248	1.29285769603964e-247
MGA_EVX1	2.06224589463111	1.85993161359703	2.21772893828797	1.27599351649254e-32	1.46637265572055e-32
PATZ1	4.51728381034046	4.00511913516301	4.92169360744137	2.96375309360246e-277	9.49281312653857e-277
POU2F1_SOX2	3.57122668615912	3.28662239062346	3.79830719205399	5.99524413542207e-157	1.18985366736751e-156
SATB1	3.24554383594169	2.89053573656984	3.5381874122022	6.18821536082388e-123	1.05640510249421e-122
SMAD2	4.21178892748576	3.86446567429103	4.51500238895351	6.05642379832573e-235	1.61921743699039e-234
SP5	5.48823977645547	4.97830043813638	5.97126033707217	0	0
TFAP4_ETV1	9.57962299690781	8.65129213188251	10.3090439077822	0	0
TFAP4_FLI1	11.0060441836842	10.0002650553121	11.8244157779918	0	0
TFCP2	2.47441627163104	2.15715167724143	2.72677890847494	5.47849674334099e-58	7.06093106163669e-58
THRA	3.19593138857706	2.70726466714444	3.61146309294907	4.31154115433518e-118	7.18960599704862e-118
TRPS1	7.03123353791239	5.86977496207502	7.92615126298088	0	0
ZBED2	3.04680245473277	2.62713183401925	3.39237530114785	4.45555680744891e-104	7.11788951708505e-104
ZFP14	8.17988393085308	7.56033903863132	8.71824284493476	0	0
ZKSCAN3	3.41052725499621	3.01213705159293	3.74086736132133	1.09948695583741e-139	2.03248017264801e-139
ZNF211	2.33356874658382	2.06470950516844	2.56782752296533	1.45495051600948e-48	1.78624854622037e-48
ZNF214	3.60969926757472	3.26972950838742	3.90660231579753	3.21190756600076e-161	6.47384484486757e-161
ZNF320	5.80491000226662	5.21899890171231	6.31809057630051	0	0
ZNF324	4.84717942156745	4.36903617662275	5.26876083858272	0	0
ZNF354A	3.65305528927454	3.2695951089753	3.98060779615793	4.26444275949908e-166	8.75903004887589e-166
ZNF416	3.96857289536851	3.64746100969476	4.22470533111479	1.30223373386776e-203	3.01987536133491e-203
ZNF418	5.884745340132	5.41402575079461	6.24998398483421	0	0
ZNF530	5.78440814659974	5.35085553864527	6.15225396368417	0	0
ZNF574	4.03333798375906	3.72634029304246	4.2733446778895	9.45862204123395e-212	2.27499199281724e-211
ZNF582	3.77365776809011	3.54204603147227	3.94720846679555	5.12417710352511e-180	1.10144271959493e-179
ZNF667	2.99211141978285	2.74113238701016	3.18964419707056	3.8289619097068e-99	5.96949001344651e-99
ZNF669	2.5466105013321	2.23135210664709	2.8101457730655	4.07320335289815e-63	5.33474204316823e-63
ZNF692	3.26105326955643	2.82411425515171	3.6364796760992	1.81601390878516e-124	3.13322933062399e-124
ZNF701	7.95180196190692	7.2864460143538	8.52762012278092	0	0
NKX2-4	4.03812340801343	3.73008907995146	4.28834703643283	2.3364485981091e-212	5.66173124710332e-212
FOXD3	5.81403915511298	5.1186065642931	6.41744934299875	0	0
PAX2	2.51654721904395	2.12289659129935	2.82546700017976	5.8890434741158e-61	7.65102636094964e-61
SP1	4.16851244901421	3.57902857044566	4.64172027578412	3.23812019951886e-229	8.44783777858349e-229
FEV	6.02282117308166	5.14957365342922	6.81879824219213	0	0
NR4A2	2.15470959100854	1.93881690997988	2.31376721032099	1.01030523981615e-37	1.17777926155144e-37
CEBPB	1.7157182733277	1.45704359989016	1.92137592975756	1.15698906021733e-16	1.22515862841344e-16
KLF1	2.67166270115056	2.24777479204885	3.01573855522422	1.79272330302428e-72	2.47840166037759e-72
POU2F2	3.75410485336785	3.21326238792645	4.19979949685949	1.00417375893116e-177	2.13717244088309e-177
RFX1	5.18955392627113	4.27830363825332	5.85310979686877	0	0
SP2	4.41069578333468	3.75985705496777	4.94161332123004	4.04083292519872e-262	1.21600879190864e-261
USF2	2.63464170621054	2.30696311518295	2.92934476219575	1.21774716733847e-69	1.64484847028808e-69
BHLHA15	3.95190208561907	3.50428858890971	4.35533802087441	1.5331399251814e-201	3.53004103769526e-201
NFATC3	5.31951030268414	4.89224255435541	5.69326498595635	0	0
EN2	1.06193991338095	0.873323867407376	1.21902649799429	0.207754180410361	0.207754180410361
ESX1	2.6374998102676	2.41220288822431	2.82999034911129	7.39219103843136e-70	1.00477890795485e-69
HOXC11	2.76036517214811	2.49791086579521	2.96830157120613	1.80580606514082e-79	2.59059096262996e-79
MSX1	2.42672966308301	2.18514148235973	2.60435590615192	1.03729804388896e-54	1.31853012651504e-54
SP4	4.14798088751992	3.58436637934777	4.60581685564894	1.60224520531579e-226	4.11370098348935e-226
TBX21	1.321114213127	1.11551054550845	1.49105528588725	5.67617645118798e-05	5.72038343289505e-05
MNX1	2.35035118786513	2.08796200241638	2.56029114009517	1.20389523665105e-49	1.48365755831091e-49
MSX2	2.42672966308301	2.18514148235973	2.60435590615192	1.03729804388896e-54	1.31853012651504e-54
VAX2	2.06085384517691	1.86537801505943	2.2222227989456	1.5135355794204e-32	1.73319915023893e-32
KLF14	3.75886999127114	3.18555220603107	4.21734363096444	2.78260387665522e-178	5.94173171021757e-178
KLF12	4.27162616786161	3.61864513597185	4.81340797562051	5.66719304772447e-243	1.56695465892211e-242
CUX1	2.82775618111011	2.56999943974765	3.0401422007551	5.52927649659423e-85	8.16767555547139e-85
ONECUT2	2.18523375748899	1.97713883645287	2.35341428832807	1.75594466468379e-39	2.06939198187689e-39
ELK3	6.05287841881967	5.12283294799706	6.87726405682074	0	0
ETV4	6.40993915125159	5.45632419276183	7.2825331007545	0	0
ETV5	6.13062008022625	5.25355345873563	6.93194890295048	0	0
POU1F1	2.38887379534173	1.98582024342312	2.69371976032398	3.58600201131773e-52	4.47904112224434e-52
RFX3	4.695511256765	3.9643193660007	5.2699511232061	1.88929394064685e-303	6.71633615164019e-303
RFX4	3.25756429028164	2.75676333940949	3.61762024380391	4.02365908393048e-124	6.90532474085681e-124
CLOCK	2.65461319006695	2.39046925682781	2.87115472167542	3.66641870978196e-71	5.02579005345111e-71
HES5	1.86805464628253	1.63034586032942	2.07113915318854	4.72591908247445e-23	5.14759199724069e-23
TFE3	2.2732410344344	1.96631155348146	2.53961415064006	9.15475665994323e-45	1.1091999174126e-44
CEBPE	2.02697603890868	1.70855344029125	2.27535698602615	9.1186931139379e-31	1.03687072842141e-30
FOXD2	5.79026766923306	5.18595674297237	6.32531520212818	0	0
E2F8	3.50219374297035	3.09191987581162	3.84621187811763	2.03218279653524e-149	3.86712432164205e-149
BARHL1	2.83328828783494	2.54939427341848	3.09089102919508	1.91626932888711e-85	2.85017530066658e-85
CDX1	4.06268115973983	3.6582534831016	4.37404581963041	1.73543573239297e-215	4.28559892693989e-215
DLX1	1.70692773424585	1.55145123526285	1.83425378658208	2.51895279348339e-16	2.66301055128064e-16
DUXA	2.95124924756412	2.68001064345433	3.19308187091227	1.57521121560444e-95	2.41507501539353e-95
ELF2	4.04213294159537	3.46666646752521	4.51983557625438	7.22970652797505e-213	1.75850380586461e-212
FOXE1	4.78879474009575	4.10484636058269	5.35820105963904	1.32833847255538e-317	4.9967151228522e-317
GLI3	2.94696079730189	2.5063814160292	3.31970853508347	3.74161693554763e-95	5.72299327966741e-95
HOXA7	4.26283570168034	3.85862566944591	4.61031485344733	8.72493049262736e-242	2.38186921043456e-241
KLF10	3.58306201324039	3.03863789989388	4.03372953236787	2.94830397954103e-158	5.92407662969889e-158
NFATC4	5.21666912415119	4.75262198109412	5.59661229253315	0	0
NR1D2	2.73472138185037	2.1089022060758	3.19189119012749	2.04172024027233e-77	2.90967620144537e-77
PITX2	4.37868798987358	3.93634025202678	4.74580054353231	1.18436410494264e-257	3.51506227476096e-257
SOX18	3.22594454247562	2.85298153664842	3.54879638329765	5.19468184664825e-121	8.75249779890994e-121
TBX3	1.99659078367084	1.73996357603633	2.20680459320561	3.28258197993026e-29	3.65547425303765e-29
ZNF75D	4.00297257568943	3.67609446157455	4.26735425420229	6.46088823624374e-208	1.53683628266533e-207
ZNF281	5.15522881379728	4.64672373461043	5.58226807617967	0	0
BACH1	5.7179465613041	4.87351247688999	6.3230560264656	0	0
THAP1	5.60844973962514	5.129880125929	6.00208435355639	0	0
